-0.011130
-0.009834
0.019714
-0.008601
-0.011568
0.015038
-0.005228
-0.007443
0.010780
0.004149
0.031726
0.000000
0.004075
-0.005558
-0.009541
0.008878
0.007747
-0.005875
-0.013835
0.005126
0.006789
0.004081
-0.008672
0.016746
-0.010224
0.018418
0.010514
0.000000
-0.010259
-0.011120
-0.006005
0.002124
0.011821
-0.012999
-0.005228
0.009298
-0.013880
-0.009459
-0.011143
-0.015984
-0.005155
0.003814
0.015441
0.029473
0.002510
-0.011790
0.018467
-0.010800
-0.002410
0.000290
0.035812
-0.012139
0.019402
-0.020138
-0.006005
-0.012361
-0.006004
0.008548
-0.009682
-0.014029
-0.007703
-0.015702
-0.009149
0.015831